#   i   j   param int_type  other_params
    1   26    0    2    0.57711 
    1   27    1    2    0.54328 
    1   30    2    2    0.78661 
    1   56    3    2    0.70420 
    2   24    4    2    0.63509 
    2   26    5    2    0.46456 
    2   41    6    2    0.95235 
    2   57    7    2    0.58203 
    3   24    8    2    0.53979 
    3   25    9    2    0.50399 
    3   26   10    2    0.62178 
    3   27   11    2    0.71492 
    3   30   12    2    0.98398 
    3   36   13    2    1.11265 
    3   54   14    2    0.59880 
    3   55   15    2    0.53941 
    3   56   16    2    0.43945 
    3   57   17    2    0.49494 
    4   22   18    2    0.54828 
    4   24   19    2    0.44981 
    4   54   20    2    0.53786 
    4   55   21    2    0.54632 
    4   57   22    2    0.53380 
    4   58   23    2    0.86020 
    5   19   24    2    0.73183 
    5   20   25    2    0.67530 
    5   21   26    2    0.49478 
    5   22   27    2    0.48861 
    5   23   28    2    0.53202 
    5   25   29    2    0.75865 
    5   54   30    2    0.43664 
    6   21   31    2    0.52321 
    6   52   32    2    0.84832 
    6   53   33    2    0.54380 
    6   54   34    2    0.53167 
    6   55   35    2    0.69946 
    7   19   36    2    0.81539 
    7   21   37    2    0.43869 
    7   52   38    2    0.94112 
    7   53   39    2    0.59085 
    8   19   40    2    0.57524 
    8   20   41    2    0.41860 
    8   21   42    2    0.48387 
    8   53   43    2    0.80920 
    9   16   44    2    0.99435 
    9   17   45    2    0.80756 
    9   18   46    2    0.55723 
    9   19   47    2    0.53967 
    9   35   48    2    1.27786 
    9   49   49    2    0.83609 
    9   50   50    2    0.85503 
    9   53   51    2    0.79512 
   10   18   52    2    0.48942 
   11   16   53    2    0.59336 
   11   18   54    2    0.48224 
   12   16   55    2    0.68660 
   12   35   56    2    1.29645 
   12   53   57    2    1.47545 
   15   47   58    2    0.54289 
   15   48   59    2    0.63849 
   16   35   60    2    0.89877 
   16   46   61    2    0.75830 
   16   47   62    2    0.44256 
   16   48   63    2    0.41726 
   17   25   64    2    1.01792 
   17   38   65    2    0.75212 
   17   39   66    2    0.84005 
   17   40   67    2    0.86522 
   17   43   68    2    1.03669 
   17   45   69    2    0.71391 
   17   46   70    2    0.59781 
   17   47   71    2    0.45410 
   17   48   72    2    0.55779 
   17   49   73    2    0.57483 
   18   23   74    2    1.00258 
   19   23   75    2    0.64418 
   19   25   76    2    0.89070 
   19   49   77    2    0.86607 
   19   50   78    2    1.06041 
   19   53   79    2    0.97358 
   19   54   80    2    1.02821 
   20   42   81    2    1.03940 
   23   40   82    2    0.75677 
   23   42   83    2    0.72543 
   23   43   84    2    0.93876 
   24   40   85    2    0.63810 
   24   41   86    2    0.67503 
   24   42   87    2    0.73647 
   24   57   88    2    0.76864 
   25   38   89    2    0.60133 
   25   39   90    2    0.54522 
   25   40   91    2    0.45616 
   25   41   92    2    0.63494 
   25   49   93    2    0.95545 
   25   54   94    2    0.85887 
   26   38   95    2    0.56291 
   26   39   96    2    0.50571 
   26   41   97    2    0.72816 
   27   36   98    2    0.73076 
   27   37   99    2    0.63474 
   27   38  100    2    0.49321 
   27   49  101    2    0.98109 
   27   54  102    2    1.04437 
   28   37  103    2    0.77818 
   29   36  104    2    0.74589 
   30   36  105    2    0.67980 
   31   36  106    2    0.83933 
   32   36  107    2    0.91905 
   33   51  108    2    0.72740 
   34   50  109    2    0.60225 
   34   51  110    2    0.54565 
   35   48  111    2    0.58711 
   35   49  112    2    0.54529 
   35   50  113    2    0.47255 
   35   51  114    2    0.53956 
   36   48  115    2    0.52037 
   36   49  116    2    0.54329 
   36   51  117    2    0.60267 
   36   54  118    2    1.01407 
   37   46  119    2    0.74044 
   37   47  120    2    0.53708 
   37   48  121    2    0.43339 
   38   46  122    2    0.56083 
   38   47  123    2    0.53697 
   38   49  124    2    0.64833 
   39   44  125    2    0.66147 
   39   45  126    2    0.59742 
   39   46  127    2    0.44187 
   40   44  128    2    0.51056 
   40   45  129    2    0.55107 
   49   53  130    2    0.77055 
   49   54  131    2    0.86241 
   50   54  132    2    0.77441 
