    1    52
    1    54
    1    48
    1    50
    3    48
    3    50
    3   105
    3   107
    3   109
    5    48
    5    52
    5   105
    5   107
    5   109
    5    44
    5    46
    7   103
    7   105
    7   109
    7    43
    7    44
    7    46
    7   101
    9    43
    9    44
    9    48
    9   101
    9   103
    9    39
    9    41
   11   101
   11   103
   13    41
   13   101
   13    37
   15    37
   15    39
   17    37
   17    33
   17    35
   19    35
   21    35
   29    88
   29    90
   29    91
   31    90
   31    91
   31    88
   33    91
   33    93
   46    75
   46    77
   46    79
   46    81
   48    75
   48    77
   48    79
   50    75
   50    79
   50    71
   50    73
   52    71
   52    73
   54    71
   56    71
   65    93
   65    95
   65    97
   67    93
   67    95
   67    97
   69    91
   69    93
   69    97
   69    90
   71    90
   71    91
   73    90
   73    93
   73    86
   73    88
   75    85
   75    86
   75    88
   77    86
   77    85
   95   103
    1    51
    1    53
    2    52
    2    54
    2   107
    2   109
    3    51
    3   110
    4    48
    5    47
    5    53
    5    49
    6    48
    6    52
    6   105
    7   104
    7   110
    7    47
    8   105
    8    43
    8    44
    8    46
    8   109
    9    49
    9   104
    9    42
   10    39
   10    41
   10    43
   10    44
   11    42
   12    99
   12   101
   12   103
   12   105
   13    38
   13   102
   13    42
   14   101
   14    99
   15    38
   15   102
   16    39
   16    37
   16    41
   17    38
   17   102
   17    36
   18    35
   18    37
   18    33
   18    91
   18    93
   19    36
   19    32
   21    36
   21    32
   22    35
   22    31
   23    32
   29    72
   29    92
   31    92
   32    91
   33    94
   33    96
   34    73
   34    90
   34    91
   34    88
   34    77
   34    86
   35    45
   35    49
   35    78
   35    84
   35    87
   37    45
   38    44
   38   101
   38    91
   38    95
   44    82
   44   104
   45    83
   46    78
   46    82
   46    80
   48    80
   49    75
   49    77
   49    86
   50    74
   50    76
   50    80
   51    75
   51    79
   53    71
   53    73
   53    75
   53    69
   56    70
   58    70
   60    70
   62    70
   64    98
   65    98
   65   100
   68    93
   69    92
   69    94
   69    98
   70    93
   70    97
   70   103
   71    92
   72    90
   73    94
   73    89
   74    90
   74    93
   75    89
   76    85
   76    86
   78    86
   78    85
   94   103
   95   104
